"satno" "inc" "ra" "ecc" "aop" "ma" "rpd" "period" "periapsis" "mass" "xsa" "incenhance" "impactno" "impactrandom" "dpdt" "flux"
"1" 0 0 0 0 0 0 0 0 0 0 0 0 0 0 0 0
"10301" 32443 102.1229 102.0435 0.0087629 152.6754 207.9056 14.15036572 6104.74629298758 790002.653710445 1714.60144660136 8.95341691571807 1.656145 10407294.1239322 1.61547673621187 -7.61525640754438e-05 9.60864551430748e-08
"4957" 20903 98.7539 79.2245 0.0057475 338.7356 173.699 14.26099773 6056.078754103 773561.86339641 1651.2594483841 8.73152753233974 1.500156 5783615.56313751 1.37704875638674 -0.000638876315064713 1.72902225101822e-07
"10411" 33208 0.1875 213.1602 0.7136572 127.4374 241.4161 2.262339771 38170.2555191891 649815.042340769 504.161800315657 3.95907116598242 0.8005625 119510901.303177 1.63999339634857 -0.00225671134343469 8.36743752323635e-09
"14569" 40260 45.5895 180.5749 0.7131739 143.3024 298.1353 2.2717149 38012.376045164 642259.152420601 790.524396231256 5.34347196847165 0.9479475 48387369.8190383 1.59710129802325 -0.00069494981421035 2.06665500468377e-08
"11265" 34784 74.0095 264.4624 0.006109 225.466 134.1502 14.50235607 5949.00834423233 686535.317985734 1709.23180744253 8.93471412549423 1.300475 8538012.74268199 1.67787757242437 -0.000974511675204003 1.17123273311709e-07
"10788" 33939 74.0297 1.8219 0.0026029 226.8247 194.0156 14.42560848 5984.71669357561 739744.411671162 1521.98516093426 8.26964683303604 1.301485 2867667.93261786 1.21699623975456 -0.000698726700876607 3.48715410395203e-07
"8264" 29756 99.2497 284.9287 0.0049791 171.19 324.5704 14.40351833 5979.70101315775 718842.772256387 52.1313066368081 0.872192653452505 1.519988 27813633.7304203 1.95842816962446 -0.00451538406746807 3.59535905913034e-08
"10649" 33745 98.9689 351.43 0.0064238 275.8621 83.5228 14.07945169 6134.48413485409 830192.498619449 1705.9548070161 8.92329050401167 1.508756 4485342.64528107 1.8469475606277 -0.000127391401867552 2.22948407531826e-07
"12376" 36696 98.8274 338.1603 0.0028358 177.1594 182.9745 14.14401565 6103.11121137749 831535.555532892 94.7212444664922 1.29870829426907 1.503096 20723027.3573546 1.12062388913097 -0.000157175770312133 4.82554977492272e-08
"11272" 34793 74.0055 6.7299 0.0055488 284.5291 130.4931 14.34674539 6016.13993208097 743536.909579851 1481.91255041202 8.12384698513723 1.300275 4241396.38999397 1.8364352153905 -0.000106648764829791 2.35771408293537e-07
"279611" 420.882154718973 99.6255 316.559852596838 0.0211245 180.8664667306 1506.81577393535 13.78485099 6266.92655851746 825396.244554339 1506.81577393535 8.21460696913091 1.53502 3591700.40231769 1.38551479216396 -6.8929544607704e-05 2.78419658653798e-07
"15327" 41233 98.9095 115.724 0.0044539 14.1233 346.1203 14.05599202 6145.05362201618 852755.405967947 3782.81242098399 15.1736439204198 1.50638 1860108.39731389 1.03551338021172 -6.57040683078192e-05 5.37603078102363e-07
"11643" 35423 81.2562 103.0968 0.0016132 132.0092 228.2458 14.13981321 6108.35926058812 844499.903501225 3749.34333967993 15.084010475927 1.649752 1536125.75774483 1.83155232988222 -0.000226382725691863 6.50988367949828e-07
"268383" 918.61901817238 101.137 313.567322495859 0.0281374 88.3871048581786 706.000592561953 13.91068178 6204.33362618906 726186.943256161 706.000592561953 4.95545337609747 1.60685 5285606.55246556 1.06276319808693 -0.00165367824914482 1.89193045315402e-07
"379431" 535.076515281573 98.9187 128.278360620374 0.0049925 83.7294492812362 83.8043891514419 14.38675837 6005.17612058749 738867.956387711 83.8043891514419 1.1968999823815 1.506748 22651141.9786385 1.72252152349648 -0.00301670117629321 4.41478845059143e-08
"11995" 36012 86.4609 246.5283 0.0295665 36.2122 325.8667 13.83210517 6239.81314783396 742741.486696827 4145.69750715635 16.1291602790443 1.470782 1705263.39564615 1.67893385341272 -0.000847396602079362 5.86419671326544e-07
"11282" 34819 74.0278 357.8965 0.0028418 240.4857 185.4199 14.40650771 5986.26921828123 739271.235892045 924.365691423698 5.93074469824521 1.30139 3213385.14756694 1.09277361312376 -0.00146498866651235 3.11198301503685e-07
"216135" 573.882830631454 71.5487 150.068144712131 0.0005097 253.09198116092 828.114996437044 14.08603405 6131.85191982992 870983.987178686 828.114996437044 5.51155040596962 1.177435 7134039.73428282 1.30895024644598 -3.27376565154322e-05 1.40173034808661e-07
"9788" 31656 99.1661 175.2968 0.0033081 254.3511 163.966 14.19942233 6075.71336924745 806562.578432958 216.666483503174 2.25462598073088 1.516644 7475547.32769852 1.17753469884052 -9.69766774270531e-05 1.33769469466775e-07
"39659" 341.224490553141 86.4933555585348 107.65357358288 0.0295665 45.8091495370027 40.9544 13.8444236213488 6227.68549488286 733522.093703106 1.53065894516024 0.083010361770066 1.4701328888293 277584202.71169 1.77556130023214 -0.00225397707544729 3.60251048233692e-09
"297781" 806.418286959175 63.2614 80.3329168958589 0.0117722 322.891871345928 2581.71161698792 13.97330127 6182.27514523384 828579.974391193 2581.71161698792 11.762108194999 1.032614 2522473.84073637 1.83221681772811 -8.96175460186394e-05 3.9643622219213e-07
"26859" 845.163922424195 65.0259931009664 196.076854030369 0.0203357 285.25346054812 350.1484 13.6547593952215 6314.8858799242 867894.051892824 2.32065219749662 0.109551935534334 1.05025993100966 198975918.675582 1.7412430557444 -0.00140442263217454 5.02573380063363e-09
"304234" 176.980506905122 66.0295 220.660415449645 0.0164641 241.163044263376 849.071957236735 13.95292036 6189.72923313335 800156.359989692 849.071957236735 5.60414911296449 1.060295 4410169.06156684 1.60479831608545 -0.000104902870892436 2.26748676987163e-07
"14300" 39893 70.9724 332.3575 0.0123984 149.8455 210.9883 14.17401676 6085.51051564052 748743.320551745 2042.75775500409 10.0621610144132 1.14862 3433458.65891377 1.44287544280249 -9.30523074658976e-05 2.91251504486256e-07
"297491" 329.474719222402 44.8403 23.6545097550843 0.0014749 232.768074439839 821.423201092029 14.15804144 6100.4610811252 839277.365099045 821.423201092029 5.48181860995506 0.9442015 4025032.7249626 1.07872066108902 -0.000181991863540808 2.48445185003879e-07
"344141" 263.18188790977 99.0961 154.146775270114 0.0052655 308.799940387253 1087.00645949565 14.55469783 5924.86910575885 673404.809019048 1087.00645949565 6.60746341656621 1.513844 4680398.81259217 1.87070228817434 -0.00166448136080222 2.13657006601573e-07
"10919" 34127 74.1932 249.8294 0.014113 358.4078 117.0916 14.12104634 6105.84980226116 752210.804928217 995.723975443168 6.23217050933154 1.30966 3251555.83172762 1.628361131608 -0.000908597911600677 3.07545080494183e-07
"8517" 30054 99.7367 54.7694 0.0283428 234.7234 153.1633 13.66851367 6315.4169984201 809130.218971124 1785.84753590966 9.19975517358376 1.539468 1493398.10627143 1.01321292716039 -0.000516017708437745 6.69613812820951e-07
"434982" 25.1376045169309 70.9244 74.3019224822056 0.0018114 54.3128136026207 571.338538629131 12.42874368 6951.62779316405 1492601.23632062 571.338538629131 4.3033733935048 1.14622 36726869.3294501 1.54727298512235 0 2.7228021834089e-08
"15183" 41077 99.2121 115.9805 0.0117156 34.2384 326.6282 13.90817515 6207.51095288397 848572.368004244 1212.07114703024 7.1050219847667 1.518484 2413754.68287831 1.93628504212835 -3.28895533830506e-05 4.14292308615033e-07
"497611" 510.891243797028 74.0082 120.834626590135 0.0042216 234.182617345126 569.612149024411 14.16309272 6099.33720006471 818560.552075718 569.612149024411 4.29470014044562 1.30041 3926648.354736 1.78259271934024 -0.00025903403181481 2.54670118039442e-07
"451691" 581.827601327328 71.153734394197 234.936340366257 0.0123984 198.499582348159 168.0527 14.1559946649449 6078.69266295758 743430.548934352 0.996671364600671 0.0623612298011604 1.15768671970985 347676188.3557 1.89044637533666 -0.00768001136330359 2.87623953981261e-09
"10573" 33638 98.4682 341.873 0.0283936 73.1923 47.5672 13.61612236 6337.75499790572 825675.071320719 633.072063343457 4.60803161516284 1.488728 2878561.39224545 1.00067021706892 -0.000604262577789112 3.47395752160749e-07
"10128" 32155 98.965 169.0835 0.007722 178.641 181.4994 14.26563774 6040.64471119368 747254.138552213 991.490817157131 6.2144945983008 1.5086 2848946.15847004 1.55055704003436 -0.00129390152067852 3.51006984469312e-07
"9703" 31533 98.9103 152.4027 0.0068444 225.8761 133.6774 14.23309934 6051.62000066569 762176.970035141 360.235840760835 3.16425370383358 1.506412 4264025.8956273 1.84685469883729 -0.00140505988408917 2.34520151724568e-07
"12817" 37580 99.1481 45.1512 0.0129797 142.1021 344.1972 14.04726803 6127.48005027412 777231.580933607 111.717914383896 1.44975705318473 1.515924 9158951.38444946 1.88498098998017 -0.00117727748716619 1.09182804671051e-07
"3998" 17203 99.0834 104.4072 0.013214 291.1631 188.354 14.05105827 6139.50666155961 784882.079410216 1567.52357353246 8.43378912443272 1.513336 1532678.45868384 1.20269323059647 -0.000210933745487601 6.52452570422848e-07
"304271" 870.981157151284 98.9785 122.298504495295 0.0098405 21.277767556021 182.769653119441 13.95214793 6186.55626725834 845982.95975427 182.769653119441 2.01287161563978 1.50914 7106992.27269737 1.89520641568333 -0.000150071248926326 1.40706498843633e-07
"9969" 31913 99.4171 357.5058 0.0248999 354.7018 5.1502 13.67930671 6307.27891917929 828380.011341166 471.201749336286 3.78458223765849 1.526684 3417741.42335452 1.98275705772518 -6.70606239799168e-05 2.92590888581178e-07
"158186" 695.382419084199 51.6093 179.759889493231 0.0212571 148.553713120287 106.522942128707 13.72650381 6283.03170802198 836743.677496687 106.522942128707 1.40445809624037 0.9748279 14089587.2486963 1.9611828184845 -0.000119554627660256 7.09743999131366e-08
"4413" 19027 83.0156 252.2594 0.0075722 65.3673 324.4305 13.97377855 6178.95196562692 856587.28274284 2299.92061646576 10.8898504302496 1.579376 1148150.59151205 1.44509513999046 -0.000177674080353074 8.70965888440692e-07
"10579" 33646 98.5939 167.5544 0.012331 35.2646 85.7081 13.91120968 6206.36818594658 843191.397710733 2658.42888243882 11.9939816979457 1.493756 757543.085095739 1.23634787509877 -0.000230254178948529 1.32005693098449e-06
"130586" 420.203070750227 97.613 249.883006514749 0.0137028 127.843642663909 85.9998814634598 14.07645203 6105.08290157811 754578.841521875 85.9998814634598 1.21771386908513 1.45452 13838049.7361645 1.57350207935955 -0.00217222863070441 7.22645184159577e-08
"223391" 324.358775449218 74.044 218.32729889499 0.0025928 12.923023424577 350.902143447599 14.34033187 6006.83369617685 757324.728086093 350.902143447599 3.10935778570235 1.3022 5880338.41476101 1.45591787414519 -0.000726690774769136 1.70058239758747e-07
"13653" 38795 98.7076 236.452 0.053275 58.4021 306.8587 13.19401758 6509.98724029909 767853.859788369 42.9087798610719 0.766027088415989 1.498304 16729576.9158099 1.3973061087105 -0.000411986325644023 5.97743747515201e-08
"4899" 20797 98.7285 78.8819 0.0009566 112.5859 300.6842 14.13163297 6107.86726849148 848857.399248976 1123.94489825053 6.75631719968777 1.49914 1613230.24203188 1.05521455280918 -3.23693842942474e-05 6.19874320444484e-07
"satno" "inc" "ra" "ecc" "aop" "ma" "rpd" "period" "periapsis" "mass" "xsa" "incenhance" "impactno" "impactrandom" "dpdt" "flux"
"1" 0 0 0 0 0 0 0 0 0 0 0 0 0 0 0 0
"9171" 30873 98.861 71.9244 0.0112356 147.1063 338.3204 14.1685082 6096.16547981199 765443.967874305 923.304045210934 5.9262028027865 1.50444 13745434.0924674 1.4864544212015 -9.43845928888531e-05 7.27514310041329e-08
"14274" 39858 70.9486 269.7504 0.0051095 65.966 6.0176 14.46403198 5953.47986958312 697172.453898845 229.840757976463 2.3451180757589 1.14743 61938093.7347335 1.41821149394551 -0.00118305762857174 1.61451530020082e-08
"15381" 41287 98.9172 114.9627 0.0041957 69.1852 291.3853 14.02457182 6157.59696954816 864458.337194851 488.310361989734 3.87564488934485 1.506688 12973547.9705674 1.67964384061696 -0.000154064909418874 7.70799169408911e-08
"13807" 39112 99.1849 213.8421 0.0049955 166.0225 194.2351 14.306085 6026.1887820386 755419.976874692 206.401447115491 2.18283969377376 1.517396 17970904.6862315 1.97072908077522 -0.000208970997394954 5.56455012955554e-08
"14" 58 28.327 208.4378 0.0165101 278.8324 79.356 13.46300536 6416.52226152296 973928.644667559 793.302889359966 5.3559852795958 0.894981 28974390.7863754 1.22262215217352 -8.36715789043133e-05 3.45132364429291e-08
"229247" 548.527923366753 65.6448 38.1510462397709 0.0039993 25.861420674948 2434.38962346506 14.94680156 5773.67925392736 561866.263522356 2434.38962346506 11.3102813779101 1.056448 31701115.0574646 1.47238341059483 -0.00412921872932386 3.15446317325842e-08
"142" 470 66.229 225.8244 0.0062566 69.7074 291.0717 14.04703268 6147.87616095837 841882.738941457 2424.52400560831 11.2797033045074 1.06229 5268707.06867639 1.20240817715684 -9.88912389450868e-05 1.89799885809788e-07
"9783" 31648 102.8238 208.5867 0.0093402 317.3619 42.0303 13.92920948 6196.89209535242 857669.936256631 200.804873487963 2.14320073675995 1.69119 12100683.4787204 1.85930995550233 -0.000634794100181041 8.26399601112241e-08
"11893" 35834 74.0204 185.6829 0.0116604 25.7685 126.0948 14.11361764 6114.08295249293 776348.988506055 1447.15966015634 7.99633504457617 1.30102 5889858.89082095 1.78440613894481 -0.000795425649994906 1.69783354497414e-07
"8719" 30295 98.8677 58.2266 0.0096879 41.1272 11.6553 14.2287046 6056.30226481565 745422.481402254 460.901045037719 3.72922407477001 1.504708 10919660.5081593 1.72713536660503 -0.00153248475063467 9.15779386412961e-08
"27501" 693.843136766227 66.1929391264199 213.785000466974 0.0062566 218.362752901623 258.3809 14.1160544689093 6112.93802360518 814530.324149641 1.50518488285703 0.0820867855269713 1.0619293912642 492774395.348737 1.68839787647417 -0.000803119861440443 2.02932621791824e-09
"157961" 464.315408573486 100.1502 31.8851104069036 0.0108302 183.208675039932 598.033787024669 14.20039135 6074.30168184461 751289.651698811 598.033787024669 4.43639797083094 1.55751 7537675.37202558 1.67216560349003 -0.000183586172481968 1.32666896708139e-07
"229143" 525.134259927552 62.1547235882152 124.69792647264 0.0042345 266.288490009028 189.4001 14.2329307377282 6065.16263190264 791587.199863712 38.1373706477077 0.708131394748002 1.02154723588215 46828618.3886698 1.37070666235284 -0.000219590609011305 2.13544630272917e-08
"9026" 30683 99.2154 346.7663 0.0159086 192.7864 196.5488 13.88848295 6192.48103902704 806334.771246386 10.6634547319004 0.302792632495378 1.518616 65189955.2643877 1.7285545125349 -0.00229269242720466 1.53397865659571e-08
"949" 4745 100.0827 358.6372 0.0027324 212.2624 312.2329 13.89877335 6207.15738630746 913919.690562743 21.9844125721122 0.490482211324983 1.554135 147732154.647664 1.58474173117668 -0.000383948227024761 6.76900707489827e-09
"192926" 443.084270501044 71.1511 252.723383818055 0.0033923 78.7233966386411 422.264066377566 14.02811527 6156.05856251971 869089.579016812 422.264066377566 3.51778614778069 1.157555 17343058.0201038 1.67434518652906 -7.41014356663966e-05 5.7659958171207e-08
"13761" 39055 98.6873 64.2537 0.0010641 128.1239 297.9369 14.16486891 6092.20085542115 835730.832745836 652.342961444213 4.70107671057815 1.497492 5480285.12055806 1.74899913248783 -4.77880568060968e-05 1.82472257921166e-07
"5785" 22806 71.0222 356.3423 0.020263 328.8444 85.3257 13.73115588 6285.85193916911 846223.406692106 747.439160011798 5.14751059502245 1.15111 7727398.15712686 1.8348171321924 -0.000112289118291506 1.29409664115433e-07
"13669" 38820 98.2555 326.3378 0.0285855 195.7283 292.3512 13.757984 6259.58824116319 764969.761716502 301.719732089458 2.8115716764623 1.48022 10216149.8635859 1.13558205338763 -0.000847727461491831 9.78842336254649e-08
"292072" 962.187527887756 89.8057178001266 216.34892577189 0.0020651 17.3891249224544 87.8398 13.9802479481126 6176.61832458198 894864.374719555 42.8542177305051 0.765377572038346 1.40388564399747 82505601.6204583 1.74918345180291 -0.000628255271075375 1.21203891658192e-08
"2850" 12704 82.9921 1.4537 0.0087609 347.1479 72.7334 13.68631906 6307.6489390542 947824.283303563 96.9055675901098 1.31859827651281 1.580316 36355458.6433375 1.88878978336007 -0.00036770051723619 2.75061857920822e-08
"215151" 112.017621274339 102.3019 45.5316519588232 0.0603146 358.626826496795 606.922136822102 12.46769651 6928.87018784344 1015555.5309965 606.922136822102 4.4802474653535 1.665095 9008573.97755026 1.6334364971193 -4.53515670517398e-05 1.11005360281443e-07
"153611" 850.923790215515 98.4301 321.604323463514 0.0103994 150.931438209489 1196.85377289013 14.05005588 6141.68271199244 806988.256071684 1196.85377289013 7.0454285152084 1.487204 3457904.225169 1.52734432101382 -0.000137748749895899 2.89192509359083e-07
"10771" 33917 74.1025 198.5185 0.035297 55.4843 307.9065 13.62696044 6323.12761005332 763542.608562199 734.766966202446 5.0891638392111 1.305125 5755243.71057678 1.7155583257433 -0.000140162065056372 1.73754588039814e-07
"229697" 462.636680610245 99.0431 271.96567932982 0.0058362 47.4758979226463 127.967539652355 14.35968392 5992.02253039806 722459.975604886 127.967539652355 1.58713266775927 1.511724 29434116.7337175 1.53454680070979 -0.000332713279458522 3.39741806777057e-08
"satno" "inc" "ra" "ecc" "aop" "ma" "rpd" "period" "periapsis" "mass" "xsa" "incenhance" "impactno" "impactrandom" "dpdt" "flux"
"1" 0 0 0 0 0 0 0 0 0 0 0 0 0 0 0 0
"2914" 12791 74.0289 303.5985 0.0019556 286.5822 73.3182 14.33972837 6025.20508383265 776414.331368604 1014.28237711611 6.3093691392798 1.301445 12685775.1812232 1.40464826459707 -9.30181950938889e-05 7.8828450426912e-08
"7424" 27608 64.5551 106.3234 0.006054 236.369 123.1629 14.77585027 5825.05393439566 588546.553085806 1044.22198701735 6.43292625714017 1.045551 22944109.1188858 1.22436784137813 -0.00638336514152301 4.3584172077393e-08
"7969" 28914 4.2686 303.671 0.7169796 29.2464 266.7892 2.23443377 38493.9897020235 607535.48487939 36.5422928095729 0.68824629079973 0.8128058 465519740.559153 1.97548534535625 -0.00852721658419516 2.14813661564355e-09
"12722" 37429 98.9622 106.921 0.0108568 22.5902 337.9992 14.0549621 6141.77454717843 803742.503955085 851.286059508105 5.61388741031162 1.508488 12000500.0611199 1.22073262972489 -0.000704415280453121 8.33298608313725e-08
"3226" 13799 83.1362 194.8661 0.0092377 273.6554 215.1983 13.73855917 6286.53911202128 927973.023948428 399.47628176027 3.39005972822217 1.574552 55756610.5084865 1.03894554183946 -4.11863017265256e-05 1.7935093092644e-08
"14481" 40137 98.4511 55.6303 0.0023762 106.0408 254.3397 14.29517386 6021.66687912756 770606.217203978 80.2889213971299 1.16318939260485 1.488044 34887790.1497548 1.88540115797037 -0.00162255505172582 2.8663323062525e-08
"16142" 315.856481751427 102.2043 261.704845917411 0.0034226 6.55106802447699 1245.87451782398 14.38204808 5998.00790296725 744416.204043613 1245.87451782398 7.23651643539639 1.660215 7706946.75043115 1.78056971576008 -0.00101756981075516 1.2975306984495e-07
"610" 3271 98.8855 263.7886 0.0051453 220.0764 139.6609 14.16596391 6092.90070860097 806837.047013572 1885.59871082624 9.53922001844813 1.50542 6447712.99021893 1.82267126316204 -4.2346991274558e-05 1.5509375208186e-07
"207783" 776.950151369907 98.2472 34.1911070842762 0.0188009 258.381658918923 175.222841721482 13.78643314 6264.76188584783 840818.024448746 175.222841721482 1.95707362261092 1.479888 21797606.6160721 1.4669138502047 -0.000791002816644242 4.587659634442e-08
"14728" 40487 98.8018 42.3096 0.0064394 284.5649 74.8382 14.02547166 6152.66548070889 844300.689065848 465.536319432176 3.75418551594691 1.502072 8396525.39410389 1.86996083971491 -4.01800819205167e-05 1.19096882706055e-07
"12168" 36308 81.2104 142.5951 0.0033004 304.3814 54.4243 14.32003539 6021.66985791566 763991.919203826 1927.9278843168 9.68145297880674 1.651584 3340819.00960209 1.97697307822765 -0.000790036076661828 2.99327798700208e-07
"satno" "inc" "ra" "ecc" "aop" "ma" "rpd" "period" "periapsis" "mass" "xsa" "incenhance" "impactno" "impactrandom" "dpdt" "flux"
"1" 0 0 0 0 0 0 0 0 0 0 0 0 0 0 0 0
"4851" 20629 71.0271 354.9557 0.0198325 35.5391 19.5107 13.73371568 6289.83567680375 852444.98919416 1271.11823898064 7.33393940839556 1.151355 8811587.58542465 1.22772841876888 -5.12523988488411e-05 1.13486927333516e-07
"9840" 31735 98.6984 121.1765 0.0071949 77.9792 339.5184 14.30332116 6037.35150456332 748445.701491391 2755.46348478576 12.2840938030437 1.497936 7547986.61104177 1.67308509932575 -0.000110321692294749 1.32485661611684e-07
"2362" 10834 100.4188 257.0147 0.0141293 196.6919 324.2956 12.15120034 7110.40864955404 1513379.79822001 258.311853776919 2.53498994728135 1.57094 80484002.6140762 1.54343511508969 0 1.24248293762804e-08
"8785" 30368 99.1033 289.3303 0.0186063 65.2393 326.657 13.73409466 6288.08010843511 860136.046413296 545.505364008909 4.17265713995214 1.514132 10991603.8855302 1.5271914867729 -0.000435369937403227 9.09785332890721e-08
"10248" 32346 97.8179 226.6669 0.0158211 0.4388 359.6883 13.8403257 6239.87115695007 843545.926106168 1286.05488074638 7.39128052020701 1.462716 4330310.66253576 1.0826747604478 -3.35134111777926e-05 2.3093031376516e-07
"9514" 31303 99.0375 60.4827 0.0011277 190.7402 287.8033 14.09899298 6125.7212853802 861681.529656345 1732.10728691431 9.01425576919313 1.5115 5996261.35870513 1.79438838737626 -0.000313779881428601 1.66770582564458e-07
"20204" 455.651384964352 99.2141091336565 285.343729382381 0.0186063 183.906870493898 290.782 13.6287768417114 6332.75180481482 894343.004889544 0.722761476227579 0.0503357659430331 1.51856436534626 2096551448.61867 1.48814142300251 -0.000202857024876464 4.7697374689224e-10
"9800" 31672 98.8762 122.1066 0.0158973 339.7456 19.746 14.22493488 6063.73286223193 706583.574276224 6196.70429482769 21.0856599735613 1.505048 3861644.50880283 1.42527853037783 -0.000142399071994019 2.5895703183461e-07
"4228" 18475 98.0578 149.4154 0.0050573 104.0374 256.6454 14.5523673 5879.59100094715 638937.189456658 405.457121593682 3.42381249576172 1.472312 19680206.1553343 1.77896632170464 -0.00222628317014542 5.08124758504601e-08
"7253" 27046 7.8404 263.7204 0.708215 130.0485 70.1095 2.242002201 38532.8737778309 828490.532516195 2174.13403175374 10.4890839199752 0.8235212 4972842.22213152 1.75953636358452 -3.33536253537416e-05 2.0109224369708e-07
"12217" 36381 74.025 69.9887 0.0059985 269.6784 89.7496 14.37433222 5977.83742434789 710104.356930968 183.218624748673 2.01616666540829 1.30125 19134780.8839866 1.05346195739876 -0.000396627724526458 5.22608545173817e-08
"134674" 360.912232815288 65.0069 27.9059625572991 0.0126718 358.93293696898 938.360355090075 14.17712044 6082.41109394567 744355.932572461 938.360355090075 5.99045464846824 1.050069 9462656.95597384 1.00110159813871 -0.000821900659456 1.05678564134008e-07
"4034" 17478 98.6416 115.9401 0.0040053 8.8046 50.3945 14.27779486 6038.31829765681 772080.946595364 616.175490077698 4.52567083681733 1.495664 12824206.9248262 1.55238560216801 -0.000139183918181029 7.79775315434215e-08
"8850" 30454 98.1389 10.0386 0.0219671 258.3365 156.3896 13.92554297 6190.46856360457 760600.774743514 772.624081935214 5.26250083451048 1.475556 6968674.17069857 1.01947024791697 -0.00017459937005699 1.43499319311661e-07
"224955" 381.380358882714 98.862 133.062407059129 0.0024335 319.70675378968 1783.58721373433 14.46650566 5963.11681984089 723829.600857577 1783.58721373433 9.1919908677626 1.50448 3586852.09896772 1.48771524843693 -0.000657492584754804 2.78795995041947e-07
"332925" 304.266538147116 69.2008 291.128550815396 0.0007593 315.59168625134 2250.89567220447 15.04528929 5728.45865540522 548061.827682883 2250.89567220447 10.7345438592632 1.092008 23696711.6785705 1.66207844797253 -0.0139504662599056 4.21999479743986e-08
"206666" 26.4612972717732 65.8355 352.065057783853 0.0622004 155.834575843532 840.965022291343 12.5125603 6903.8944959811 983006.543754542 840.965022291343 5.56841984519388 1.058355 12625174.5973404 1.19694832875901 -5.03057858667861e-05 7.92068254018967e-08
"4101" 17792 82.9558 309.9245 0.001792 94.0318 34.7852 14.02435882 6156.20277712066 880828.543871921 1096.02570298988 6.6439625628479 1.581768 8810616.1851827 1.27488508141005 -1.96885304898601e-05 1.13499439651197e-07
"satno" "inc" "ra" "ecc" "aop" "ma" "rpd" "period" "periapsis" "mass" "xsa" "incenhance" "impactno" "impactrandom" "dpdt" "flux"
"1" 0 0 0 0 0 0 0 0 0 0 0 0 0 0 0 0
"8333" 29843 98.8103 139.2132 0.020422 218.5445 237.0944 14.23865961 6062.20800549906 672861.372480875 1165.70071789207 6.92263435465038 1.502412 26707735.2339367 1.95763035864249 -0.000392507112696111 3.74423361337404e-08
"11037" 34343 74.0319 338.9815 0.0028312 66.4611 9.4515 14.43561558 5981.78580826609 735795.86254623 754.722531994695 5.18089624046544 1.301595 20596182.7817992 1.06234048939389 -0.00105665711209806 4.85526862231821e-08
"5071" 21183 74.1835 290.0859 0.021703 120.3829 298.0259 12.05541496 7166.9038591103 1494197.70046021 121.701923791337 1.53489373317548 1.309175 109133765.711094 1.6606518017334 0 9.16306693427282e-09
"8794" 30379 99.0912 64.5904 0.0036705 237.13 287.3832 14.05425236 6146.47249646846 859552.622176687 1601.96786209543 8.55688870723834 1.513648 7148838.23053177 1.68908990673724 -8.35019810557854e-05 1.39882868761686e-07
"1562" 7270 74.0164 96.6782 0.0051384 14.7802 40.552 12.54971312 6884.61952666532 1415946.07296271 1133.34249134391 6.79392578516711 1.30082 29466650.4737297 1.65177020151269 0 3.39366702330666e-08
"9832" 31724 97.8961 20.8167 0.02188 45.6711 316.2171 14.12947499 6098.64691256662 690534.414166937 481.681057047981 3.84048785024349 1.465844 20559479.15843 1.14839317251726 -0.00164185413778667 4.86393644651241e-08
"5691" 22552 71.0672 237.5087 0.0027304 219.6309 140.2847 14.68253 5840.39331272167 624067.773334318 297.697204737666 2.7865265704246 1.15336 61736412.572472 1.79057706438144 -0.00161340730440878 1.61978961577352e-08
"4548" 19467 99.1007 14.9442 0.0013834 334.0743 25.9729 14.03036478 6156.53382281651 884057.177001998 1166.40310976973 6.92541489336718 1.514028 12041902.7315653 1.11495267297006 -0.000194929520610319 8.30433547165854e-08
"3734" 15785 74.0381 304.5954 0.0010713 228.1513 131.8738 14.57882402 5902.20870665087 685057.290446707 421.588661436381 3.51403405019769 1.301905 21684739.4131506 1.07068420243079 -0.000605537293844734 4.61153800812361e-08
"997" 4856 99.7333 171.0405 0.0158699 200.8708 158.5931 14.07174253 6123.99455351542 753597.176320241 135.099591031901 1.64556878372046 1.539332 51403233.8627969 1.64628538084008 -0.00139804941882386 1.94540289560216e-08
"11484" 35177 98.9216 111.6839 0.0042191 260.7172 222.5179 14.14328822 6104.72125925708 822808.833603054 1428.45789341445 7.92729426104177 1.506864 4415324.52996576 1.42560136444071 -0.00011843333728955 2.26483918274464e-07
"12175" 36325 82.5361 124.7863 0.0023147 154.083 206.1507 14.0504399 6147.15853882426 869930.685304178 2725.9158894739 12.1961189506607 1.598556 1942882.63537997 1.1696358931408 -0.000101581578861226 5.14699128907718e-07
"5630" 22430 71.233 241.7336 0.0117072 339.9498 50.035 13.94509482 6189.90061019326 834972.95840996 557.250245106146 4.2323365615508 1.16165 6469369.69418054 1.03916294920461 -0.000215281021245891 1.54574564025849e-07
"11282" 34819 74.0278 357.8965 0.0028418 240.4857 185.4199 14.40650771 5969.54512730129 726021.276025491 283.096905235192 2.69465662579442 1.30139 29704200.6497889 1.2489777252526 -0.000269392536833509 3.3665272187929e-08
"4683" 20023 84.8448 242.2596 0.2629956 72.2581 314.6073 8.907254411 9691.6196731299 874786.391563514 143.700071321177 1.71468628101583 1.506208 18333123.4575716 1.59332326557544 -4.82094871659178e-05 5.45460789763568e-08
"25548" 348.95238960674 98.8800116720025 358.051867528586 0.0042191 263.126691331156 39.6965 14.2323798256078 6020.73407408305 756677.217437239 1.94467278934064 0.0973743060461341 1.5052004668801 369197977.400027 1.3438424099237 -0.0013684996170094 2.70857388505273e-09
"7636" 28080 98.5919 79.8693 0.0003273 18.2988 30.8425 14.22637167 6063.26910749353 818195.070442894 637.448007128018 4.62924176301921 1.493676 6148885.65830721 1.82606134187506 -7.51675583392e-05 1.6263109375745e-07
"12497" 37003 99.224 107.2188 0.0100652 231.6281 187.0578 13.91601176 6204.46373516147 858261.963617379 2597.25718812697 11.8092773356526 1.51896 2002447.3668818 1.50213065397267 -2.18146445172137e-05 4.99388906065079e-07
"312076" 779.098200779175 74.0488 111.515967056621 0.0093459 44.8374591136817 161.950867366236 14.23620263 6068.65262228467 757553.920428561 161.950867366236 1.85695852059614 1.30244 16565154.4869796 1.94493446040666 -0.000192794634725342 6.03676833069085e-08
"satno" "inc" "ra" "ecc" "aop" "ma" "rpd" "period" "periapsis" "mass" "xsa" "incenhance" "impactno" "impactrandom" "dpdt" "flux"
"1" 0 0 0 0 0 0 0 0 0 0 0 0 0 0 0 0
"13648" 38789 98.7669 142.2143 0.0248753 139.9698 278.9706 14.31438604 6020.65725446295 608763.237111077 868.04778398796 5.6873388717948 1.500676 18081270.8292261 1.05472835800143 -0.00127820435337546 5.53058471080266e-08
"6568" 25563 74.0501 35.645 0.0021177 338.9812 134.1438 14.37472464 6007.67851887142 761388.717992541 5606.87124781111 19.7254569631063 1.302505 4633554.14052884 1.15211547557604 -0.000534164508039239 2.15817053102539e-07
"14562" 40251 86.3418 111.0071 0.0175351 50.2674 311.3805 13.98557964 6170.46330829857 777475.525880123 246.613693968716 2.45786566612303 1.473164 17980408.071132 1.35584312888007 -0.000118882169876989 5.56160903603477e-08
"9993" 31949 98.8291 106.8293 0.0132362 43.6114 317.543 14.13554294 6105.60139313744 758351.993627149 704.306284958497 4.94752191518171 1.503164 3685963.90161471 1.68656409189379 -0.000296700256733361 2.71299455635453e-07
"4084" 17702 98.5084 89.7886 0.0007276 128.1375 261.6484 14.47827428 5958.76046187185 732500.258927843 1628.04539387758 8.6495004170439 1.490336 3591459.99036493 1.42228186273349 -0.000424258342036812 2.78438296036368e-07
"8757" 30335 99.0986 73.3858 0.0062589 1.0687 151.9812 13.99960151 6165.67181101276 855778.631126105 144.559300850088 1.72151459932121 1.513944 30744320.1148361 1.93056854906694 -0.000583586641638442 3.25263331979632e-08
"9377" 31137 98.2814 22.9722 0.0002532 291.6753 196.0307 14.3961672 5995.45841501601 765021.86185711 2856.29071940192 12.5819597016399 1.481256 3148850.17619561 1.98828428646356 -0.00033968151256363 3.17576240228801e-07
"3030" 13113 82.5367 225.4727 0.0018738 53.4512 59.5557 13.85352869 6233.51172827956 940814.792280417 109.221790596688 1.42808112389668 1.598532 101400953.745386 1.25970174004306 -6.98330125502664e-05 9.86184018062559e-09
"216772" 499.207714927848 98.7486 91.3790688298177 0.0177776 352.911308138398 76.2218176375495 13.48408137 6406.14607944306 956552.349797634 76.2218176375495 1.12356849071413 1.499944 123618698.295269 1.23025776687128 -2.50738604652126e-05 8.08939111793145e-09
"9875" 31781 99.5047 102.4161 0.0280198 168.8669 191.886 13.82814984 6231.4848873791 747737.724022834 440.545062224012 3.61859719830744 1.530188 8551081.61833884 1.25882396855952 -0.000163474341060935 1.16944270284519e-07
"8011" 28986 81.2143 139.6336 0.0033393 292.8379 66.9275 14.24912023 6053.71530470264 789003.098005278 1732.42850926305 9.01537020782756 1.651428 5487510.61149816 1.20953630476391 -0.000247380216014798 1.82231993848844e-07
"11960" 35946 98.462 121.9645 0.0001777 80.5344 279.605 14.377072 5992.42937209504 763156.797740362 742.145034208359 5.12317519991053 1.48848 8406073.63721101 1.62825840817409 -0.000257453407174457 1.1896160361638e-07
"satno" "inc" "ra" "ecc" "aop" "ma" "rpd" "period" "periapsis" "mass" "xsa" "incenhance" "impactno" "impactrandom" "dpdt" "flux"
"1" 0 0 0 0 0 0 0 0 0 0 0 0 0 0 0 0
"13876" 39231 98.1579 347.365 0.0257699 7.8052 352.7014 14.10936721 6118.7467066853 677899.061120673 263.0000496052 2.56557021071048 1.476316 50003781.2501582 1.15135136043002 -0.00482777025709484 1.99984876143109e-08
"9085" 30752 98.8817 91.6598 0.0035071 113.2733 12.4856 14.30552091 6038.86541783545 776085.819664681 4516.48349041795 17.0770808822484 1.505268 5065371.65023 1.83263769723996 -0.0003794344258074 1.97418880400334e-07
"14692" 40438 98.706 43.4435 0.0030698 227.3577 132.5006 14.11527512 6120.01036890894 843131.632852465 401.85071792644 3.40347984451441 1.49824 15417299.8113185 1.34101386253612 -4.44389357760613e-05 6.48622010493598e-08
"7015" 26525 26.533 53.3851 0.6709359 70.5582 14.1975 2.813936122 30648.2937808828 599050.704097067 240.140771826791 2.41466721443907 0.889599 149208592.790768 1.52110498697998 -0.00305366933543325 6.70202688260908e-09
"13468" 38515 99.0314 67.0767 0.0040408 310.8249 48.6865 14.08778441 6131.50667748469 845127.902486879 1043.38680891352 6.42949572502735 1.511256 7393427.43502947 1.03614974094918 -3.1156902900699e-05 1.35255266760593e-07
"200111" 343.49704143079 97.9208 260.380030207802 0.0016003 14.6091254428029 1365.80443608999 14.30341365 6039.85588867873 790544.99342258 1365.80443608999 7.69376700174603 1.466832 5594038.06103235 1.49233110832754 -0.000609929856814721 1.78761744037089e-07
"217611" 26.3099400599021 99.1922747341915 250.45229691756 0.0137577 105.975272748386 88.9685 13.7874095125617 6259.03096179757 873463.867816147 2.43331832877233 0.113069629462836 1.51769098936766 1348922281.87505 1.31407044289518 -0.000486611994299103 7.4133255372575e-10
"12882" 37667 98.1479 41.0832 0.0046203 80.2764 280.3647 14.54744745 5920.20056555323 674270.032650639 1652.77740629763 8.73687781672198 1.475916 13463550.8048064 1.21943088768433 -0.000981085816223744 7.42746110961314e-08
"1778" 8352 46.9862 192.6915 0.0085133 203.428 292.8375 13.607743 6348.26147319164 981041.787622588 1179.68351115472 6.9778831106047 0.954931 24050257.3598682 1.40877347678653 -8.7911953192691e-06 4.15795966353635e-08
"3401" 14465 98.796 283.6065 0.012417 92.1472 66.4878 14.03974867 6141.65326732419 792330.894171604 136.634772170128 1.65801138607773 1.50184 30987306.130917 1.45453203452001 -0.000179459038360275 3.2271278948068e-08
"15241" 41145 99.0041 121.5065 0.0128872 243.6304 115.1596 14.38290927 5971.72674884233 656239.299693725 848.463666241789 5.60147218193017 1.510164 10261745.1378954 1.55191640179927 -0.00285603328931821 9.74493116484755e-08
"7196" 26922 9.2129 18.9483 0.6467013 280.9385 158.5616 2.771601182 31172.4076103796 1197447.56581613 142.881516780218 1.70816853829807 0.8276387 368406481.954789 1.04288815905347 -5.12095092608484e-06 2.7143930657624e-09
"6405" 25169 86.3992 193.7864 0.0002015 93.9689 266.1737 14.34220467 6014.80310148752 780733.08145242 817.511545759545 5.46440165213783 1.472016 8354912.85229153 1.84036074583184 -7.64213644225712e-05 1.19690057536115e-07
"230374" 480.563537640031 98.3716 339.750256807543 0.0017313 194.561776066432 74.9615652737778 14.05676509 6143.48849696966 871281.245450101 74.9615652737778 1.11114938015498 1.484864 84179894.5094242 1.15679727030811 -0.000624342574515967 1.18793211351441e-08
"12488" 36987 100.7917 322.1277 0.0325543 246.9346 109.7153 13.43177871 6427.96589038851 862694.781088541 871.636493451179 5.70300326997539 1.589585 10445968.3409672 1.98258508503221 -6.85219115875648e-05 9.57307132626645e-08
"11491" 35191 99.1769 89.6546 0.0103789 237.8616 246.5487 13.89779427 6211.74071873851 861620.912761094 901.138074862545 5.83097139080502 1.517076 6728875.14149423 1.15980218593786 -0.000152358207356545 1.48613249461772e-07
"8813" 30401 98.8339 149.1884 0.0111335 54.8751 67.71 14.25742904 6017.61765884802 704741.852037816 210.879224087108 2.21429704590419 1.503356 32094191.1850225 1.66505347529124 -0.00108855140044662 3.11582863775882e-08
"3028" 13110 82.9274 337.6221 0.0029802 54.0767 14.7661 13.73948 6285.78025866519 973481.077844521 362.322336055144 3.1764602321046 1.582904 18415276.5585799 1.96043146334633 -1.32724779612846e-05 5.43027413581844e-08
"259374" 156.097493327456 74.0251 86.8115977486596 0.0088613 233.18549866206 3357.94898618366 13.60813246 6348.83223022413 978901.817944557 3357.94898618366 14.0150961012888 1.301255 4966751.5418986 1.7909856202683 -9.88447143679332e-06 2.01338841205199e-07
"228295" 812.764511972899 98.0253 354.058111235034 0.0017174 227.957831082633 748.426631126535 14.13009711 6110.92468697219 845766.959886 748.426631126535 5.15204331574404 1.471012 4908796.3426943 1.66060659198028 -0.000487021626263745 2.03715927528403e-07
"14585" 40276 100.3278 184.711 0.0142249 302.504 56.2408 13.42850091 6433.20253769847 1003748.22849049 7323.09258249803 23.5691018885502 1.56639 3891775.90271323 1.98586340764351 -3.97664455312048e-05 2.56952102330155e-07
"191093" 85.2936749155633 99.6294 157.061627711402 0.0019814 342.566677804105 323.888930303577 14.3822979 5982.8726036624 742714.002356374 323.888930303577 2.94766022222431 1.535176 14851197.5707668 1.84024871855423 -0.00122774139554243 6.73346371721839e-08
"14378" 39984 82.8387 95.7221 0.0010151 294.9636 65.0486 14.14379258 6103.87365850944 845287.351414035 2586.48814578847 11.7766114256714 1.586452 1676833.0885793 1.64262785431964 -2.96030551723027e-05 5.96362277683376e-07
"satno" "inc" "ra" "ecc" "aop" "ma" "rpd" "period" "periapsis" "mass" "xsa" "incenhance" "impactno" "impactrandom" "dpdt" "flux"
"1" 0 0 0 0 0 0 0 0 0 0 0 0 0 0 0 0
"12874" 37657 98.5807 23.8487 0.0024475 175.0287 185.1141 14.26727879 6055.29956681664 796660.409276958 963.493906999575 6.09695045299742 1.493228 21793685.1737958 1.60890850165288 -0.000726153756547562 4.58848511403833e-08
"8983" 30632 98.9593 75.1943 0.0023422 180.5346 238.059 14.20448739 6081.00450009825 817688.946943151 2119.76319558861 10.3134725172312 1.508372 6867691.42788093 1.78831132989035 -8.1823475271276e-05 1.45609337650244e-07
"2885" 12745 83.1402 28.3082 0.0043624 303.9862 168.1122 13.85949426 6233.26370676709 922390.959746327 2986.01105572948 12.9600782861361 1.574392 10747678.2870554 1.58806132582436 -4.13737616703313e-05 9.30433506931824e-08
"14669" 40405 98.821 48.2665 0.0137842 195.0499 164.6551 14.09752003 6122.21368399046 767311.406137181 491.562859499531 3.89283555871669 1.50284 12279536.1013456 1.6890315468014 -0.000184581665083376 8.143630115558e-08
"12208" 36367 74.0957 104.4048 0.0289638 309.4335 48.1471 13.7743086 6266.29181814645 767282.074765757 577.918878228146 4.33635276289547 1.304785 12919637.9169705 1.30381682529441 -0.000104630573103391 7.74015499835688e-08
"12747" 37465 99.3288 311.4691 0.0048112 166.0294 193.8658 14.4108527 5968.77421975776 711395.001331034 45.3154834670891 0.794409500284713 1.523152 88295074.4263119 1.71952295720599 -0.000578650761173559 1.13256600835029e-08
"15355" 41261 98.8934 114.8541 0.0045003 90.8061 269.8776 14.03159409 6155.18996414417 860359.962303279 557.869576811526 4.23547187935195 1.505736 8828896.01882763 1.93325933873368 -7.58205000977556e-05 1.13264444146527e-07
"4057" 17614 82.7916 176.2413 0.0054172 214.5488 270.6254 13.98266669 6177.63851130015 871254.981894761 3789.39734799285 15.1912478193996 1.588336 2466919.0023697 1.23721650591555 -6.23546052615947e-05 4.0536393738076e-07
"12491" 36994 98.6008 209.3902 0.0117711 67.1439 294.21 13.89733729 6214.82028173143 853832.847873172 1866.50692563593 9.47472080131189 1.494032 1331895.53778919 1.48810662759472 -2.44840730055733e-05 7.50809633058686e-07
"12688" 37387 98.7215 123.4048 0.0001641 326.742 33.3656 14.21628048 6072.61433311179 826755.180414202 703.052287693486 4.94164755663271 1.49886 4536639.14177389 1.8217767985305 -0.000169238219383898 2.20427494616419e-07
"9319" 31062 99.3046 322.279 0.0176737 55.4471 65.9172 13.74262141 6283.76195763109 863693.542274873 1195.70908617011 7.04093557171725 1.522184 3110149.19147595 1.86896536633632 -0.000329821878112485 3.21527984168966e-07
"12201" 36355 82.5242 107.3165 0.0016888 66.0577 294.2364 14.10198339 6118.22516318918 851720.163430725 104.067562108238 1.38279225350045 1.599032 14721928.214174 1.4490307683723 -0.000115413625111164 6.79258848061233e-08
"12384" 36707 99.0837 62.1557 0.0054826 169.31 190.9248 14.0943641 6119.51666392547 825284.76127424 125.045518689611 1.56287929939547 1.513348 13551306.2435375 1.13251668313252 -8.09650991089071e-05 7.37936241738238e-08
"16995" 612.295726784039 97.7685 177.6889715672 0.0011576 125.022522367537 182.067844949204 14.19493389 6078.8278587233 824507.791825128 182.067844949204 2.007715561454 1.46074 10295194.7134545 1.90368279022452 -0.000954953191894103 9.71326942163731e-08
"7725" 28322 98.5899 213.3496 0.0115237 262.162 124.3772 13.95528157 6187.21010416416 834222.368012358 2592.98224818137 11.7963155053182 1.493596 1535636.81724169 1.53953250130119 -0.000331899531484342 6.51195639992666e-07
"2878" 12737 82.9966 149.2211 0.0160766 114.4479 9.622 13.67085885 6316.57916862729 900663.77250266 669.421983879002 4.78277551994834 1.580136 5352751.33215463 1.8350104844532 -4.28802277482639e-05 1.8681981245661e-07
"156721" 491.16541154962 102.0943 115.175900959643 0.0020008 120.048119389219 421.918159030923 14.38197186 5988.41176360989 746966.044469607 421.918159030923 3.51586476830597 1.654715 13021790.4611871 1.35776085136926 -0.00164386457502436 7.67943550451538e-08
"13659" 38807 98.4668 6.0154 0.0239948 19.986 341.0494 13.67378124 6313.23560420175 839599.138313427 1195.79012156054 7.04125368617344 1.488672 2103187.26100564 1.78447730982002 -0.000436011317448055 4.75468836532344e-07
"4311" 18709 82.9171 354.15 0.0028896 109.6038 315.6751 13.74185702 6284.84874517571 973422.94382802 357.104295356313 3.14588903761941 1.583316 20402993.9613919 1.50829729225229 -0.000212375151466759 4.90124146432761e-08
"5571" 22347 70.8372 271.5596 0.0178948 84.8433 339.4716 13.9149727 6201.1968424514 798566.673878458 1650.92133115288 8.73033556109272 1.14186 3425982.42947065 1.22095554879945 -0.000352042477356703 2.91887077819751e-07
"14492" 40157 24.3268 245.3674 0.7431896 185.8719 166.0495 1.83313681 47127.1507946736 875772.038520265 627.532477623291 4.58111107874287 0.8829804 5819606.31166447 1.36584526164211 -8.95097069166743e-05 1.71832929316139e-07
"4241" 18509 74.0068 297.7601 0.0008865 160.1226 323.3401 14.51319195 5931.91345553802 710021.725005904 2012.0632064127 9.9611106330587 1.30034 5452203.54563492 1.32116827649196 -0.000534778919020169 1.83412081304376e-07
"13802" 39106 98.8175 120.2937 0.0066137 130.5048 230.1915 14.18262725 6082.82327355285 788337.850971885 2116.38375437627 10.3025080718725 1.5027 1770638.57084179 1.70413783448697 -0.000471071020910728 5.6476799752791e-07
"12707" 37410 98.1279 346.665 0.0138355 4.8606 355.3861 13.87338174 6222.9870305496 845055.012750876 2608.42431414363 11.8431031133842 1.475116 1074345.82298372 1.43599471134614 -8.79483813713596e-05 9.30798983536567e-07
"1843" 8614 74.0539 49.6057 0.0048342 314.2308 203.9797 12.37715009 6980.60533901145 1490559.43349987 88.2255583844197 1.23863389763799 1.302695 129113916.54653 1.48098681698192 0 7.74509848936093e-09
"8778" 30360 99.0346 74.1527 0.0037143 271.5317 210.827 14.11649107 6108.72971565664 829605.933249644 261.262785020735 2.55425970423784 1.511384 3939111.94472059 1.77131956455065 -9.47095167916295e-05 2.53864326283048e-07
"satno" "inc" "ra" "ecc" "aop" "ma" "rpd" "period" "periapsis" "mass" "xsa" "incenhance" "impactno" "impactrandom" "dpdt" "flux"
"1" 0 0 0 0 0 0 0 0 0 0 0 0 0 0 0 0
"6741" 25985 45.0414 289.0618 0.0004284 6.3418 353.7482 14.32188105 6032.64964452374 793246.592526011 78.6552465412135 1.14735676800236 0.945207 174638770.99807 1.77256388728584 -0.000254179944598897 5.72610534467775e-09
"10234" 32325 98.9458 160.5011 0.0071067 195.1655 164.74 14.36002097 6014.42785671664 731043.662852895 1652.82721946572 8.73705336340093 1.507832 9036552.36892039 1.01893587464473 -0.00017780426907251 1.10661672635166e-07
"3175" 13594 65.069 126.0776 0.0065076 241.3901 151.4086 13.93119382 6201.39743125657 881851.72633554 1265.52872485073 7.31242383315837 1.05069 49301498.3999938 1.70021286173715 -8.05837156649475e-05 2.02833591767695e-08
"3971" 17118 98.8241 81.1443 0.0144924 103.2312 18.8058 14.18588077 6086.20775655714 734191.170202728 423.372473434083 3.52393938295451 1.502964 13563874.3260943 1.84320879030674 -0.00150128617576813 7.37252481082187e-08
"10138" 32167 98.6921 79.2925 0.0176161 134.8846 226.6791 14.25759013 6045.88312764562 680350.958542463 1193.87539839969 7.03373528095645 1.497684 9888321.02653803 1.51571607728128 -0.00125341555888486 1.0112940278903e-07
"14361" 39966 82.7113 115.1383 0.0046199 79.5647 310.6863 13.93794545 6196.55240607539 891847.463704001 699.61878273874 4.92554537647468 1.591548 15632764.147744 1.40037649363555 -0.000322971245290163 6.39682138455541e-08
"7348" 27453 98.3693 26.8267 0.0011595 180.2971 179.8204 14.24925868 6054.39725435238 805201.901072497 206.922244235797 2.18651001393208 1.484772 24215957.682234 1.55818346132086 -0.000570015123320414 4.12950837262838e-08
"9532" 31324 99.1586 171.1214 0.0049868 296.3677 63.2379 14.13137158 6111.16156243979 822317.433482109 4450.90441299087 16.9113727605802 1.516344 3249691.64951929 1.7263624629794 -7.98794027165344e-05 3.07721503407231e-07
"9131" 30820 98.5742 252.1269 0.0062008 270.5887 207.3514 14.03658159 6148.27749755271 842602.182007992 180.962904185348 1.99958431894906 1.492968 10494141.0165036 1.89182544174228 -0.000749393336286085 9.52912676156484e-08
"5542" 22293 71.0569 277.3729 0.0199356 249.3933 108.5686 13.73911809 6284.64769217951 847713.180678245 1410.21242788942 7.8596470262286 1.152845 4338193.60901696 1.24948585183061 -0.000254448205447432 2.30510689500232e-07
"13611" 38726 99.1521 168.9741 0.0091243 120.3411 240.6828 14.21649252 6065.86301500075 756963.451059096 1501.93331878254 8.1968524691034 1.516084 5496529.21070237 1.22011875459943 -0.000372905050972729 1.81932991105166e-07
"10456" 33433 98.5908 37.4329 0.0014565 43.3609 316.8719 14.29594141 6032.79064408819 785989.375972851 657.606151747692 4.72632877417273 1.493632 4215927.98945942 1.05300623770589 -0.0002356265910441 2.37195702227405e-07
"141149" 200.211480967002 99.029 115.140192098683 0.004657 43.0200661597773 87.1073809611941 14.03607865 6146.15175035875 852142.090554091 87.1073809611941 1.22814597166278 1.51116 16151524.5012398 1.28204272095882 -6.38038292995457e-05 6.1913660219705e-08
"12911" 37715 99.259 72.396 0.0119343 161.6079 259.2068 13.9149049 6205.07278846876 845084.56608058 1992.58133005967 9.89670720618843 1.52036 2066554.21410155 1.13328046545063 -2.44662023815759e-05 4.83897297818901e-07
"217692" 282.104381971527 100.3397 302.731723032193 0.0008948 135.775528049096 370.386390638019 14.14024561 6106.5634530113 848276.870260056 370.386390638019 3.22341852759698 1.566985 6065523.82428635 1.7710828124686 -0.000558023493806981 1.64866222435068e-07
"10674" 33776 86.4097 137.91 0.0015791 41.0283 98.386 14.33496339 6016.46494266792 772194.77039081 2169.91167154771 10.4754990358462 1.471806 2161988.87574532 1.23356694130828 -0.000666776506247392 4.62537070018579e-07
"9347" 31095 98.5839 137.9928 0.0503542 131.6547 351.5562 13.05602307 6609.50261759328 862670.574817896 279.474224525489 2.67161900268526 1.493356 10340213.5831103 1.83059383117898 -0.000449735670791725 9.67098012011471e-08
"8806" 30393 99.2095 8.6142 0.0071208 333.5609 85.1294 13.97891779 6175.02089638689 856807.535796322 1017.92835537805 6.32448002850351 1.51838 3190395.68904454 1.54077416044297 -0.000207019726628687 3.13440744492568e-07
"satno" "inc" "ra" "ecc" "aop" "ma" "rpd" "period" "periapsis" "mass" "xsa" "incenhance" "impactno" "impactrandom" "dpdt" "flux"
"1" 0 0 0 0 0 0 0 0 0 0 0 0 0 0 0 0
"8272" 29769 99.121 16.4815 0.0105031 348.9704 39.9611 14.01228162 6163.87825381267 823517.571815094 651.337386053355 4.69624438293438 1.51484 14285236.9555667 1.14634579002041 -4.69628258525442e-05 7.00023389958761e-08
"12447" 36906 81.1804 106.2475 0.0008446 242.3777 117.6558 14.49207901 5946.11404130575 721617.388666945 267.430674431924 2.59430379169383 1.652784 42249735.2554935 1.40331834565737 -0.00274383788345746 2.3668787365241e-08
"9787" 31655 99.2924 170.5839 0.0344102 198.4189 295.3105 13.45732987 6416.63631581372 840332.164814293 553.470686177453 4.21317760151003 1.521696 13539725.3605156 1.31839873651324 -0.000254658079875837 7.38567418004053e-08
"13711" 309.475873431191 70.9579 197.392923530657 0.083275 339.48430758249 444.02908478956 12.46238762 6929.56660008392 835554.421768691 444.02908478956 3.63765043668468 1.147895 16094368.5366528 1.70073798516627 -0.000255329771261126 6.21335343305103e-08
"11512" 35220 99.0568 13.0212 0.0053616 307.4268 52.2028 14.0791677 6132.28723012805 836169.977248238 421.982380134048 3.51622153099615 1.512272 10733954.6981342 1.28990642842454 -0.000302997735154175 9.31623085919881e-08
"162144" 256.050154030556 98.9443 326.354840551503 0.0287723 303.159732694505 30.4124604218192 11.86535129 7281.70602692708 1520526.59067338 30.4124604218192 0.608949187273103 1.507772 412552614.683792 1.09605489058508 0 2.42393324974189e-09
"7727" 28325 98.6134 284.2602 0.0084788 54.1961 7.3677 14.17089118 6091.13823909141 781406.808953395 2631.29907285287 11.9122415844796 1.494536 4680787.02008948 1.97539822756781 -0.000634185418392731 2.13639286664421e-07
"183411" 486.661058605183 99.0979 49.5970840048976 0.0016367 311.739902123343 820.44165481069 14.1588794 6100.42770309576 838082.644317979 820.44165481069 5.47745079985641 1.513916 7178115.69821091 1.69525458720879 -8.20115314350347e-05 1.39312326805939e-07
"20441" 38.2740933059249 71.8946867308907 358.618035652442 0.0111542 219.618723756168 74.4419 14.1549689365242 6094.83938831388 764997.479600011 360.574624811613 3.16623727609264 1.19473433654454 12516741.5006332 1.75188443278041 -0.00143733925288367 7.98929977062648e-08
"285262" 267.920099347364 82.8436 138.485833437881 0.0133398 55.574108480243 1394.53186960196 13.74172545 6287.37920881395 898400.407547487 1394.53186960196 7.80127606314438 1.586256 11610524.4149575 1.15408728147218 -0.000186156913683873 8.61287539012213e-08
