"satno" "inc" "ra" "ecc" "aop" "ma" "rpd" "period" "periapsis" "mass" "xsa" "incenhance" "impactno" "impactrandom" "dpdt" "flux"
"1" 0 0 0 0 0 0 0 0 0 0 0 0 0 0 0 0
"12874" 37657 98.5807 23.8487 0.0024475 175.0287 185.1141 14.26727879 6055.29956681664 796660.409276958 963.493906999575 6.09695045299742 1.493228 21793685.1737958 1.60890850165288 -0.000726153756547562 4.58848511403833e-08
"8983" 30632 98.9593 75.1943 0.0023422 180.5346 238.059 14.20448739 6081.00450009825 817688.946943151 2119.76319558861 10.3134725172312 1.508372 6867691.42788093 1.78831132989035 -8.1823475271276e-05 1.45609337650244e-07
"2885" 12745 83.1402 28.3082 0.0043624 303.9862 168.1122 13.85949426 6233.26370676709 922390.959746327 2986.01105572948 12.9600782861361 1.574392 10747678.2870554 1.58806132582436 -4.13737616703313e-05 9.30433506931824e-08
"14669" 40405 98.821 48.2665 0.0137842 195.0499 164.6551 14.09752003 6122.21368399046 767311.406137181 491.562859499531 3.89283555871669 1.50284 12279536.1013456 1.6890315468014 -0.000184581665083376 8.143630115558e-08
"12208" 36367 74.0957 104.4048 0.0289638 309.4335 48.1471 13.7743086 6266.29181814645 767282.074765757 577.918878228146 4.33635276289547 1.304785 12919637.9169705 1.30381682529441 -0.000104630573103391 7.74015499835688e-08
"12747" 37465 99.3288 311.4691 0.0048112 166.0294 193.8658 14.4108527 5968.77421975776 711395.001331034 45.3154834670891 0.794409500284713 1.523152 88295074.4263119 1.71952295720599 -0.000578650761173559 1.13256600835029e-08
"15355" 41261 98.8934 114.8541 0.0045003 90.8061 269.8776 14.03159409 6155.18996414417 860359.962303279 557.869576811526 4.23547187935195 1.505736 8828896.01882763 1.93325933873368 -7.58205000977556e-05 1.13264444146527e-07
"4057" 17614 82.7916 176.2413 0.0054172 214.5488 270.6254 13.98266669 6177.63851130015 871254.981894761 3789.39734799285 15.1912478193996 1.588336 2466919.0023697 1.23721650591555 -6.23546052615947e-05 4.0536393738076e-07
"12491" 36994 98.6008 209.3902 0.0117711 67.1439 294.21 13.89733729 6214.82028173143 853832.847873172 1866.50692563593 9.47472080131189 1.494032 1331895.53778919 1.48810662759472 -2.44840730055733e-05 7.50809633058686e-07
"12688" 37387 98.7215 123.4048 0.0001641 326.742 33.3656 14.21628048 6072.61433311179 826755.180414202 703.052287693486 4.94164755663271 1.49886 4536639.14177389 1.8217767985305 -0.000169238219383898 2.20427494616419e-07
"9319" 31062 99.3046 322.279 0.0176737 55.4471 65.9172 13.74262141 6283.76195763109 863693.542274873 1195.70908617011 7.04093557171725 1.522184 3110149.19147595 1.86896536633632 -0.000329821878112485 3.21527984168966e-07
"12201" 36355 82.5242 107.3165 0.0016888 66.0577 294.2364 14.10198339 6118.22516318918 851720.163430725 104.067562108238 1.38279225350045 1.599032 14721928.214174 1.4490307683723 -0.000115413625111164 6.79258848061233e-08
"12384" 36707 99.0837 62.1557 0.0054826 169.31 190.9248 14.0943641 6119.51666392547 825284.76127424 125.045518689611 1.56287929939547 1.513348 13551306.2435375 1.13251668313252 -8.09650991089071e-05 7.37936241738238e-08
"16995" 612.295726784039 97.7685 177.6889715672 0.0011576 125.022522367537 182.067844949204 14.19493389 6078.8278587233 824507.791825128 182.067844949204 2.007715561454 1.46074 10295194.7134545 1.90368279022452 -0.000954953191894103 9.71326942163731e-08
"7725" 28322 98.5899 213.3496 0.0115237 262.162 124.3772 13.95528157 6187.21010416416 834222.368012358 2592.98224818137 11.7963155053182 1.493596 1535636.81724169 1.53953250130119 -0.000331899531484342 6.51195639992666e-07
"2878" 12737 82.9966 149.2211 0.0160766 114.4479 9.622 13.67085885 6316.57916862729 900663.77250266 669.421983879002 4.78277551994834 1.580136 5352751.33215463 1.8350104844532 -4.28802277482639e-05 1.8681981245661e-07
"156721" 491.16541154962 102.0943 115.175900959643 0.0020008 120.048119389219 421.918159030923 14.38197186 5988.41176360989 746966.044469607 421.918159030923 3.51586476830597 1.654715 13021790.4611871 1.35776085136926 -0.00164386457502436 7.67943550451538e-08
"13659" 38807 98.4668 6.0154 0.0239948 19.986 341.0494 13.67378124 6313.23560420175 839599.138313427 1195.79012156054 7.04125368617344 1.488672 2103187.26100564 1.78447730982002 -0.000436011317448055 4.75468836532344e-07
"4311" 18709 82.9171 354.15 0.0028896 109.6038 315.6751 13.74185702 6284.84874517571 973422.94382802 357.104295356313 3.14588903761941 1.583316 20402993.9613919 1.50829729225229 -0.000212375151466759 4.90124146432761e-08
"5571" 22347 70.8372 271.5596 0.0178948 84.8433 339.4716 13.9149727 6201.1968424514 798566.673878458 1650.92133115288 8.73033556109272 1.14186 3425982.42947065 1.22095554879945 -0.000352042477356703 2.91887077819751e-07
"14492" 40157 24.3268 245.3674 0.7431896 185.8719 166.0495 1.83313681 47127.1507946736 875772.038520265 627.532477623291 4.58111107874287 0.8829804 5819606.31166447 1.36584526164211 -8.95097069166743e-05 1.71832929316139e-07
"4241" 18509 74.0068 297.7601 0.0008865 160.1226 323.3401 14.51319195 5931.91345553802 710021.725005904 2012.0632064127 9.9611106330587 1.30034 5452203.54563492 1.32116827649196 -0.000534778919020169 1.83412081304376e-07
"13802" 39106 98.8175 120.2937 0.0066137 130.5048 230.1915 14.18262725 6082.82327355285 788337.850971885 2116.38375437627 10.3025080718725 1.5027 1770638.57084179 1.70413783448697 -0.000471071020910728 5.6476799752791e-07
"12707" 37410 98.1279 346.665 0.0138355 4.8606 355.3861 13.87338174 6222.9870305496 845055.012750876 2608.42431414363 11.8431031133842 1.475116 1074345.82298372 1.43599471134614 -8.79483813713596e-05 9.30798983536567e-07
"1843" 8614 74.0539 49.6057 0.0048342 314.2308 203.9797 12.37715009 6980.60533901145 1490559.43349987 88.2255583844197 1.23863389763799 1.302695 129113916.54653 1.48098681698192 0 7.74509848936093e-09
"8778" 30360 99.0346 74.1527 0.0037143 271.5317 210.827 14.11649107 6108.72971565664 829605.933249644 261.262785020735 2.55425970423784 1.511384 3939111.94472059 1.77131956455065 -9.47095167916295e-05 2.53864326283048e-07
"satno" "inc" "ra" "ecc" "aop" "ma" "rpd" "period" "periapsis" "mass" "xsa" "incenhance" "impactno" "impactrandom" "dpdt" "flux"
"1" 0 0 0 0 0 0 0 0 0 0 0 0 0 0 0 0
"12874" 37657 98.5807 23.8487 0.0024475 175.0287 185.1141 14.26727879 6055.29956681664 796660.409276958 963.493906999575 6.09695045299742 1.493228 21793685.1737958 1.60890850165288 -0.000726153756547562 4.58848511403833e-08
"8983" 30632 98.9593 75.1943 0.0023422 180.5346 238.059 14.20448739 6081.00450009825 817688.946943151 2119.76319558861 10.3134725172312 1.508372 6867691.42788093 1.78831132989035 -8.1823475271276e-05 1.45609337650244e-07
"2885" 12745 83.1402 28.3082 0.0043624 303.9862 168.1122 13.85949426 6233.26370676709 922390.959746327 2986.01105572948 12.9600782861361 1.574392 10747678.2870554 1.58806132582436 -4.13737616703313e-05 9.30433506931824e-08
"14669" 40405 98.821 48.2665 0.0137842 195.0499 164.6551 14.09752003 6122.21368399046 767311.406137181 491.562859499531 3.89283555871669 1.50284 12279536.1013456 1.6890315468014 -0.000184581665083376 8.143630115558e-08
"12208" 36367 74.0957 104.4048 0.0289638 309.4335 48.1471 13.7743086 6266.29181814645 767282.074765757 577.918878228146 4.33635276289547 1.304785 12919637.9169705 1.30381682529441 -0.000104630573103391 7.74015499835688e-08
"12747" 37465 99.3288 311.4691 0.0048112 166.0294 193.8658 14.4108527 5968.77421975776 711395.001331034 45.3154834670891 0.794409500284713 1.523152 88295074.4263119 1.71952295720599 -0.000578650761173559 1.13256600835029e-08
"15355" 41261 98.8934 114.8541 0.0045003 90.8061 269.8776 14.03159409 6155.18996414417 860359.962303279 557.869576811526 4.23547187935195 1.505736 8828896.01882763 1.93325933873368 -7.58205000977556e-05 1.13264444146527e-07
"4057" 17614 82.7916 176.2413 0.0054172 214.5488 270.6254 13.98266669 6177.63851130015 871254.981894761 3789.39734799285 15.1912478193996 1.588336 2466919.0023697 1.23721650591555 -6.23546052615947e-05 4.0536393738076e-07
"12491" 36994 98.6008 209.3902 0.0117711 67.1439 294.21 13.89733729 6214.82028173143 853832.847873172 1866.50692563593 9.47472080131189 1.494032 1331895.53778919 1.48810662759472 -2.44840730055733e-05 7.50809633058686e-07
"12688" 37387 98.7215 123.4048 0.0001641 326.742 33.3656 14.21628048 6072.61433311179 826755.180414202 703.052287693486 4.94164755663271 1.49886 4536639.14177389 1.8217767985305 -0.000169238219383898 2.20427494616419e-07
"9319" 31062 99.3046 322.279 0.0176737 55.4471 65.9172 13.74262141 6283.76195763109 863693.542274873 1195.70908617011 7.04093557171725 1.522184 3110149.19147595 1.86896536633632 -0.000329821878112485 3.21527984168966e-07
"12201" 36355 82.5242 107.3165 0.0016888 66.0577 294.2364 14.10198339 6118.22516318918 851720.163430725 104.067562108238 1.38279225350045 1.599032 14721928.214174 1.4490307683723 -0.000115413625111164 6.79258848061233e-08
"12384" 36707 99.0837 62.1557 0.0054826 169.31 190.9248 14.0943641 6119.51666392547 825284.76127424 125.045518689611 1.56287929939547 1.513348 13551306.2435375 1.13251668313252 -8.09650991089071e-05 7.37936241738238e-08
"16995" 612.295726784039 97.7685 177.6889715672 0.0011576 125.022522367537 182.067844949204 14.19493389 6078.8278587233 824507.791825128 182.067844949204 2.007715561454 1.46074 10295194.7134545 1.90368279022452 -0.000954953191894103 9.71326942163731e-08
"7725" 28322 98.5899 213.3496 0.0115237 262.162 124.3772 13.95528157 6187.21010416416 834222.368012358 2592.98224818137 11.7963155053182 1.493596 1535636.81724169 1.53953250130119 -0.000331899531484342 6.51195639992666e-07
"2878" 12737 82.9966 149.2211 0.0160766 114.4479 9.622 13.67085885 6316.57916862729 900663.77250266 669.421983879002 4.78277551994834 1.580136 5352751.33215463 1.8350104844532 -4.28802277482639e-05 1.8681981245661e-07
"156721" 491.16541154962 102.0943 115.175900959643 0.0020008 120.048119389219 421.918159030923 14.38197186 5988.41176360989 746966.044469607 421.918159030923 3.51586476830597 1.654715 13021790.4611871 1.35776085136926 -0.00164386457502436 7.67943550451538e-08
"13659" 38807 98.4668 6.0154 0.0239948 19.986 341.0494 13.67378124 6313.23560420175 839599.138313427 1195.79012156054 7.04125368617344 1.488672 2103187.26100564 1.78447730982002 -0.000436011317448055 4.75468836532344e-07
"4311" 18709 82.9171 354.15 0.0028896 109.6038 315.6751 13.74185702 6284.84874517571 973422.94382802 357.104295356313 3.14588903761941 1.583316 20402993.9613919 1.50829729225229 -0.000212375151466759 4.90124146432761e-08
"5571" 22347 70.8372 271.5596 0.0178948 84.8433 339.4716 13.9149727 6201.1968424514 798566.673878458 1650.92133115288 8.73033556109272 1.14186 3425982.42947065 1.22095554879945 -0.000352042477356703 2.91887077819751e-07
"14492" 40157 24.3268 245.3674 0.7431896 185.8719 166.0495 1.83313681 47127.1507946736 875772.038520265 627.532477623291 4.58111107874287 0.8829804 5819606.31166447 1.36584526164211 -8.95097069166743e-05 1.71832929316139e-07
"4241" 18509 74.0068 297.7601 0.0008865 160.1226 323.3401 14.51319195 5931.91345553802 710021.725005904 2012.0632064127 9.9611106330587 1.30034 5452203.54563492 1.32116827649196 -0.000534778919020169 1.83412081304376e-07
"13802" 39106 98.8175 120.2937 0.0066137 130.5048 230.1915 14.18262725 6082.82327355285 788337.850971885 2116.38375437627 10.3025080718725 1.5027 1770638.57084179 1.70413783448697 -0.000471071020910728 5.6476799752791e-07
"12707" 37410 98.1279 346.665 0.0138355 4.8606 355.3861 13.87338174 6222.9870305496 845055.012750876 2608.42431414363 11.8431031133842 1.475116 1074345.82298372 1.43599471134614 -8.79483813713596e-05 9.30798983536567e-07
"1843" 8614 74.0539 49.6057 0.0048342 314.2308 203.9797 12.37715009 6980.60533901145 1490559.43349987 88.2255583844197 1.23863389763799 1.302695 129113916.54653 1.48098681698192 0 7.74509848936093e-09
"8778" 30360 99.0346 74.1527 0.0037143 271.5317 210.827 14.11649107 6108.72971565664 829605.933249644 261.262785020735 2.55425970423784 1.511384 3939111.94472059 1.77131956455065 -9.47095167916295e-05 2.53864326283048e-07
"X0" "X0.1" "X0.2" "X0.3" "X0.4" "X0.5" "X0.6" "X0.7" "X0.8" "X0.9" "X0.10" "X0.11" "X0.12" "X0.13" "X0.14" "X0.15"
"1" 0 0 0 0 0 0 0 0 0 0 0 0 0 0 0 0
